most frequent:
[1, 2, 3, 4, 5, 6, 7, 8, 9]
[0.82503105590062109, 0.94236871823828339, 0.95643798230754773, 0.96163090532655748, 0.96355731225296426, 0.96587709392057219, 0.96777809147374361, 0.96487765857331076, 0.96955674760022603]
[0.74040181821787132, 0.91181763146568096, 0.95116552887374473, 0.96858813810987721, 0.96430079972937111, 0.96810576782315905, 0.96783095073778291, 0.96977614058359385, 0.96949801027130211]
[0.74418619518676565, 0.9193521316542308, 0.9521770733050724, 0.95491844176930929, 0.96526133726702557, 0.96588206753043748, 0.96543442169219007, 0.96678938136539627, 0.96681596130277703]

mean:
[1, 2, 3, 4, 5, 6, 7, 8, 9]
[1, 2, 3, 4, 5, 6, 7, 8, 9]
[0.83745059288537549, 0.89907773386034262, 0.92235554300771705, 0.94962827028044416, 0.956446452098626, 0.94942123094297015, 0.95667231319405244, 0.94735554300771696, 0.95169395821569736]
[0.64237569726841315, 0.91229065941360032, 0.93153225167976728, 0.96549867202041117, 0.95421617834661321, 0.96291088943262859, 0.96127148070471047, 0.96606625258799173, 0.95886258324146523]
[0.81113937877418651, 0.9155186637483137, 0.93326911661106182, 0.95641694628876039, 0.96343541086316753, 0.96583487911845789, 0.95436683140447354, 0.96331672051362127, 0.95895525596960096]

meadian:
[1, 2, 3, 4, 5, 6, 7, 8, 9]
[0.86577263316393749, 0.93452851496329759, 0.93751646903820829, 0.96793713532843961, 0.95211744776962171, 0.96825239977413879, 0.96131658196875591, 0.95883681535855447, 0.95894504046677964]
[0.77047812018167749, 0.91238882669289212, 0.96735304464341731, 0.96242568019741925, 0.95716558516247952, 0.96769375207263397, 0.97023385287360431, 0.97879524317412503, 0.97447146711121846]
[0.78834221079442512, 0.90248957801486152, 0.95913856150787602, 0.95883417264260584, 0.96584274185911534, 0.95197789667481136, 0.95201532495159058, 0.96117854621452747, 0.9587229065146422]
