# neighbors
precision
recall
f1Score

[1, 2, 3, 4, 5, 6, 7, 8, 9]
[0.92680218332392239, 0.93174289478637307, 0.90860154338415211, 0.91769245247506126, 0.908385093167702, 0.92225672877846798, 0.91749482401656324, 0.91273291925465849, 0.9172783738001129]
[0.93198972305691696, 0.93370396511700859, 0.91927838045426979, 0.92307199845243315, 0.91776803894392833, 0.93203323228520851, 0.92864698889896524, 0.92335598360796012, 0.92766875417073058]
[0.92718547030569343, 0.93096895169256055, 0.90892287455284282, 0.91717329643601819, 0.90882467150129309, 0.92186614811041223, 0.91719170055361177, 0.9123849778645361, 0.91740363736595421]

[1, 3, 5, 7, 9, 11, 13, 15, 17, 19, 21, 23, 25, 27, 29, 31, 33, 35, 37, 39, 41, 43, 45, 47, 49, 51, 53, 55, 57, 59, 61, 63, 65, 67, 69, 71, 73, 75, 77, 79, 81, 83, 85, 87, 89, 91, 93, 95, 97, 99]
[0.92680218332392239, 0.90860154338415211, 0.908385093167702, 0.91749482401656324, 0.9172783738001129, 0.92204027856201765, 0.91749482401656324, 0.91294936947110883, 0.91273291925465849, 0.91749482401656324, 0.91294936947110883, 0.91273291925465849, 0.90364201016374923, 0.90364201016374923, 0.90364201016374923, 0.90364201016374923, 0.89888010540184449, 0.90364201016374923, 0.89909655561829482, 0.89909655561829482, 0.89909655561829482, 0.89909655561829482, 0.89909655561829482, 0.89455110107284042, 0.88978919631093567, 0.88978919631093567, 0.89433465085639008, 0.88978919631093567, 0.88978919631093567, 0.88978919631093567, 0.88524374176548104, 0.88978919631093567, 0.88978919631093567, 0.88978919631093567, 0.88502729154903093, 0.88978919631093567, 0.88978919631093567, 0.88978919631093567, 0.88978919631093567, 0.88978919631093567, 0.88978919631093567, 0.89455110107284042, 0.89455110107284042, 0.89000564652738556, 0.89000564652738556, 0.88546019198193116, 0.88546019198193116, 0.88546019198193116, 0.88546019198193116, 0.88546019198193116]
[0.93198972305691696, 0.91927838045426979, 0.91776803894392833, 0.92864698889896524, 0.92766875417073058, 0.93316177966375591, 0.92865961516159135, 0.9236091101110866, 0.92527337177534785, 0.9277649542669304, 0.9236091101110866, 0.92426327076524706, 0.91633786283983909, 0.91633786283983909, 0.91633786283983909, 0.91633786283983909, 0.91356730006927633, 0.91633786283983909, 0.91260825911023546, 0.91260825911023546, 0.91260825911023546, 0.91260825911023546, 0.91260825911023546, 0.90724695374893005, 0.90447639097836741, 0.90447639097836741, 0.90983769633967237, 0.90447639097836741, 0.90447639097836741, 0.90447639097836741, 0.901240182742159, 0.9066014881034643, 0.9066014881034643, 0.9066014881034643, 0.90059619709817329, 0.9066014881034643, 0.9066014881034643, 0.9066014881034643, 0.9066014881034643, 0.9066014881034643, 0.9066014881034643, 0.90937205087402728, 0.90937205087402728, 0.90401074551272187, 0.90401074551272187, 0.90121460226203332, 0.90121460226203332, 0.90121460226203332, 0.90121460226203332, 0.90121460226203332]
[0.92718547030569343, 0.90892287455284282, 0.90882467150129309, 0.91719170055361177, 0.91740363736595421, 0.92233302005598605, 0.91800700124720858, 0.91341203194635701, 0.913332553690408, 0.91759176026401634, 0.91341203194635701, 0.91323352417961401, 0.90434067411029351, 0.90434067411029351, 0.90434067411029351, 0.90434067411029351, 0.89964263674635192, 0.90434067411029351, 0.90004279334182447, 0.90004279334182447, 0.90004279334182447, 0.90004279334182447, 0.90004279334182447, 0.89524976501938425, 0.89055172765544266, 0.89055172765544266, 0.89534475597788288, 0.89055172765544266, 0.89055172765544266, 0.89055172765544266, 0.88616852915459732, 0.89096155747703754, 0.89096155747703754, 0.89096155747703754, 0.88620183136437003, 0.89096155747703754, 0.89096155747703754, 0.89096155747703754, 0.89096155747703754, 0.89096155747703754, 0.89096155747703754, 0.89565959484097868, 0.89565959484097868, 0.8908665665185389, 0.8908665665185389, 0.88644093367185306, 0.88644093367185306, 0.88644093367185306, 0.88644093367185306, 0.88644093367185306]
