most frequent:

[1, 3, 5, 7, 9, 11, 13, 15, 17, 19, 21, 23, 25, 27, 29, 31, 33, 35, 37, 39, 41, 43, 45, 47, 49, 51, 53, 55, 57, 59, 61, 63, 65, 67, 69, 71, 73, 75, 77, 79, 81, 83, 85, 87, 89, 91, 93, 95, 97, 99]
[0.93380670054583104, 0.94999529456051202, 0.9568840579710145, 0.96242894786373034, 0.9638377564464522, 0.96199604743083, 0.96974308300395262, 0.96434970826275168, 0.96927065687935254, 0.96431018257105205, 0.96885751929230179, 0.96565405608883859, 0.96658290984377937, 0.96885375494071135, 0.96749200075287012, 0.96790513833992087, 0.96883587427065687, 0.96701769245247493, 0.96703745529832497, 0.96749200075287012, 0.96925089403350273, 0.96931018257105206, 0.96976661020139276, 0.96658290984377937, 0.96931018257105206, 0.96929041972520236, 0.9683813288161115, 0.96840109166196109, 0.96972520233389814, 0.96794654620741571, 0.96885563711650691, 0.96840109166196109, 0.96885563711650646, 0.96885563711650668, 0.96749200075287034, 0.96749200075287012, 0.96885563711650668, 0.97021927348014292, 0.96794654620741594, 0.96703745529832474, 0.96840109166196109, 0.96976472802559743, 0.96749200075287034, 0.96794654620741549, 0.9683813288161115, 0.96840109166196131, 0.96794654620741549, 0.96794654620741549, 0.96840109166196131, 0.96931018257105206]
[0.93819368176002838, 0.95359683581888555, 0.96132061146812686, 0.9617756946871856, 0.96540546772068514, 0.9701193807342875, 0.96550868639067411, 0.97055681045432574, 0.97013977246585947, 0.97050035552209457, 0.96884655935277064, 0.9707710855971724, 0.96965631469979263, 0.9742888094192439, 0.97020273124620948, 0.97062293744902417, 0.97149469853817683, 0.97393101825710515, 0.97113106217454026, 0.97266641570989376, 0.97105201079114123, 0.97167923541836565, 0.97079339983687785, 0.97134164627642883, 0.97139368843716656, 0.97296944601292412, 0.97175732480080279, 0.97173808478156276, 0.97297120271033299, 0.97209594913942732, 0.97278938452851482, 0.97175732480080301, 0.97268661773009568, 0.97175732480080279, 0.97206035510383315, 0.97296944601292412, 0.97175732480080279, 0.97278762783110584, 0.97359570863918665, 0.97183813288161114, 0.97397954702302525, 0.97256540560888372, 0.9713532843967625, 0.97256540560888372, 0.97216136520484342, 0.97195934500282299, 0.97226237530585347, 0.97226237530585335, 0.97266641570989376, 0.97266641570989376]
[0.91637660568906742, 0.95208072233637397, 0.96109774149509575, 0.9588535772463942, 0.96479357611306205, 0.96441745645087651, 0.96347114420351487, 0.9670952980453158, 0.96439171560132864, 0.96624999430609271, 0.96801377970791658, 0.96900633597342767, 0.96752575771927884, 0.96667132009922396, 0.96713035135305636, 0.96761248291056945, 0.96987233575301313, 0.9667228148509569, 0.96713323432503273, 0.96578865856308771, 0.96487261537722802, 0.96984824105220979, 0.96715260292780381, 0.96853109371805923, 0.97034732041075633, 0.96808386278806968, 0.96989968155723538, 0.96807159678797405, 0.96761484595958547, 0.96854335971815486, 0.96855326266923425, 0.96763190576004765, 0.96852873066904321, 0.96941801567597496, 0.96854137972181908, 0.96807159678797405, 0.96761209985788899, 0.96899059064814441, 0.96988977860615577, 0.96810130564121244, 0.96898068769706502, 0.96897078474598552, 0.96855089962021823, 0.96764180871112726, 0.96717240882996247, 0.96899059064814441, 0.96945008757822959, 0.96854099666913862, 0.96898068769706502, 0.96852157381966042]

mean:
[1, 3, 5, 7, 9, 11, 13, 15, 17, 19, 21, 23, 25, 27, 29, 31, 33, 35, 37, 39, 41, 43, 45, 47, 49, 51, 53, 55, 57, 59, 61, 63, 65, 67, 69, 71, 73, 75, 77, 79, 81, 83, 85, 87, 89, 91, 93, 95, 97, 99]
[0.94541690193864092, 0.95668172407302843, 0.96090250329380766, 0.95409373235460193, 0.95905326557500481, 0.96121776773950685, 0.96349990589121015, 0.95905326557500481, 0.95212685864859792, 0.95439958592132523, 0.95905326557500481, 0.96370694522868439, 0.95894504046677964, 0.95905326557500481, 0.96132599284773201, 0.95678053830227738, 0.95905326557500481, 0.95905326557500481, 0.96360813099943532, 0.96132599284773201, 0.95668172407302832, 0.96577263316393747, 0.96359872012045922, 0.95905326557500481, 0.95678053830227761, 0.95678053830227738, 0.95905326557500481, 0.96143421795595718, 0.96359872012045922, 0.96359872012045922, 0.96132599284773201, 0.95678053830227761, 0.96359872012045922, 0.95905326557500481, 0.96132599284773201, 0.95905326557500481, 0.96132599284773201, 0.96132599284773201, 0.96359872012045922, 0.96359872012045922, 0.96359872012045922, 0.96359872012045922, 0.95905326557500481, 0.96132599284773201, 0.96132599284773201, 0.95905326557500481, 0.95905326557500481, 0.96359872012045922, 0.96359872012045922, 0.96132599284773201]
[0.94615942120388752, 0.95772324753691207, 0.96340187590187587, 0.95649309685023964, 0.96676097711811992, 0.96325710521362695, 0.96961206265554079, 0.95726222707589148, 0.95842476823843281, 0.96242571438223612, 0.95976194957561423, 0.96638841834494005, 0.96375018356384801, 0.96596106791758962, 0.96477225672877842, 0.96790356986009152, 0.96714096749811018, 0.96232470428122596, 0.96881266076918249, 0.96517629713281894, 0.96588336783988948, 0.96386316581968745, 0.96638841834494005, 0.96588336783988948, 0.97018398268398254, 0.96638841834494005, 0.96477225672877842, 0.96638841834494005, 0.96840862036514197, 0.96394086589738748, 0.96840862036514197, 0.96840862036514197, 0.96386316581968745, 0.96679245874898045, 0.96679245874898045, 0.96588336783988948, 0.96386316581968745, 0.96840862036514197, 0.96275205470857639, 0.96840862036514197, 0.96840862036514197, 0.96588336783988948, 0.96679245874898045, 0.96840862036514197, 0.96840862036514197, 0.96840862036514197, 0.96315609511261679, 0.96840862036514197, 0.96840862036514197, 0.96588336783988948]
[0.92194580434229922, 0.95901567071838567, 0.95877088338941974, 0.95425362396039559, 0.95899754091208367, 0.95883541301669006, 0.9613592838953321, 0.96338451523043056, 0.96582703836308659, 0.95892466690006151, 0.95903361392260333, 0.96125528643453506, 0.95662592559929194, 0.96128158381763207, 0.96136613119041026, 0.95446186199405181, 0.96133298651223509, 0.95908501661720647, 0.95461726214945197, 0.95908501661720647, 0.96133298651223509, 0.96125528643453495, 0.96130480118993211, 0.96355277108496085, 0.96133298651223509, 0.96355277108496085, 0.96133298651223509, 0.96125528643453495, 0.96127165651175706, 0.95911320193950933, 0.96355277108496085, 0.95908501661720647, 0.9568652320444806, 0.96130480118993211, 0.95905683129490349, 0.96355277108496085, 0.96355277108496085, 0.96130480118993211, 0.96130480118993211, 0.96125528643453495, 0.96133298651223509, 0.96355277108496085, 0.96357906846805785, 0.96130480118993211, 0.96355277108496085, 0.96355277108496085, 0.96355277108496085, 0.96133298651223509, 0.96580074097998958, 0.96130480118993211]

median:
[1, 3, 5, 7, 9, 11, 13, 15, 17, 19, 21, 23, 25, 27, 29, 31, 33, 35, 37, 39, 41, 43, 45, 47, 49, 51, 53, 55, 57, 59, 61, 63, 65, 67, 69, 71, 73, 75, 77, 79, 81, 83, 85, 87, 89, 91, 93, 95, 97, 99]
[0.93352155091285516, 0.95202804441934874, 0.95658290984377936, 0.9611283643892341, 0.96102013928100882, 0.96556559382646334, 0.95884622623753057, 0.97466591379634859, 0.96340109166196131, 0.97031808770939199, 0.97012045925089407, 0.97249200075287034, 0.97012045925089407, 0.97487295313382272, 0.96794654620741571, 0.9634010916619612, 0.96794654620741571, 0.97249200075287034, 0.97021927348014292, 0.9634010916619612, 0.9726002258610954, 0.96794654620741571, 0.96794654620741571, 0.97239318652362128, 0.96794654620741571, 0.96794654620741571, 0.97021927348014303, 0.96567381893468851, 0.97239318652362128, 0.97021927348014303, 0.97021927348014303, 0.97021927348014303, 0.97021927348014303, 0.96567381893468851, 0.96794654620741571, 0.97021927348014303, 0.97021927348014303, 0.97021927348014303, 0.97021927348014303, 0.97021927348014303, 0.96567381893468851, 0.97021927348014314, 0.97021927348014303, 0.97021927348014303, 0.96794654620741571, 0.97021927348014303, 0.96794654620741571, 0.96794654620741571, 0.97249200075287034, 0.96794654620741571]
[0.94732216857216867, 0.96239705544053367, 0.95967339021686848, 0.95969508005222282, 0.96259426563774375, 0.97136206788380708, 0.96227371317433419, 0.97008778258778261, 0.9693518518518518, 0.97780266432440344, 0.97145429449777265, 0.96713972018319827, 0.96047305351653178, 0.96943409247757062, 0.96993914298262118, 0.97296944601292434, 0.97145429449777265, 0.97600853253027164, 0.97094924399272231, 0.967822740866219, 0.96943409247757062, 0.97397954702302525, 0.97145429449777276, 0.97599974904322728, 0.97095802747976656, 0.96943409247757073, 0.97145429449777265, 0.97195934500282311, 0.97398833051006961, 0.97397954702302525, 0.97397954702302525, 0.96741389045736859, 0.97195934500282311, 0.97195934500282311, 0.96892904197252028, 0.97195934500282311, 0.97397954702302525, 0.96993914298262118, 0.97397954702302525, 0.96943409247757073, 0.97600853253027153, 0.97397954702302525, 0.97195934500282311, 0.97145429449777265, 0.97195934500282311, 0.97397954702302525, 0.97397954702302525, 0.97195934500282311, 0.97397954702302525, 0.96943409247757062]
[0.93095659859140623, 0.94961222002670398, 0.94937997886295811, 0.95902839312732158, 0.97016480513881087, 0.96114969065632705, 0.97037134269353464, 0.97245253169188273, 0.96337577999614643, 0.97256146118435582, 0.96564373271305115, 0.970301676044246, 0.96575430623538927, 0.97256146118435571, 0.96124655120025082, 0.97034927553624106, 0.97034927553624106, 0.96575622149879159, 0.97254773067587252, 0.96580382099078643, 0.96810130564121233, 0.96579200574570545, 0.97259724543126969, 0.9702997607808439, 0.96805179088581517, 0.96810130564121233, 0.96580382099078643, 0.96810130564121233, 0.97034927553624106, 0.96810130564121233, 0.96805179088581517, 0.97259724543126969, 0.96805179088581517, 0.96575430623538927, 0.96810130564121233, 0.96580382099078643, 0.97034927553624106, 0.96810130564121233, 0.96810130564121233, 0.96810130564121233, 0.96810130564121233, 0.97034927553624106, 0.96810130564121233, 0.96580382099078643, 0.97034927553624106, 0.96805179088581517, 0.96580382099078643, 0.97034927553624106, 0.96810130564121233, 0.97259724543126969]
